0 0.6479166666666667 0.6975 0.06666666666666667 0.185
1 0.4817708333333333 0.7916666666666666 0.08020833333333334 0.18333333333333332
1 0.49583333333333335 0.565 0.08125 0.21333333333333335
1 0.4869791666666667 0.4766666666666667 0.07604166666666666 0.23
1 0.3098958333333333 0.5166666666666667 0.08020833333333334 0.23666666666666666
1 0.2203125 0.7025 0.07395833333333333 0.23833333333333334
1 0.2125 0.4891666666666667 0.08333333333333333 0.27166666666666667
1 0.1234375 0.6691666666666667 0.153125 0.145
1 0.07395833333333333 0.545 0.14375 0.13666666666666666
1 0.06979166666666667 0.815 0.1125 0.16
