0 0.8760416666666667 0.6666666666666666 0.058333333333333334 0.19666666666666666
1 0.6572916666666667 0.7575 0.08333333333333333 0.195
1 0.665625 0.6275 0.09791666666666667 0.22166666666666668
1 0.5614583333333333 0.62 0.10625 0.22
1 0.5395833333333333 0.8091666666666667 0.07708333333333334 0.15166666666666667
1 0.35052083333333334 0.6758333333333333 0.11145833333333334 0.205
1 0.2755208333333333 0.7808333333333334 0.071875 0.23833333333333334
1 0.2515625 0.625 0.065625 0.24666666666666667
1 0.15104166666666666 0.7416666666666667 0.07291666666666667 0.22
1 0.08125 0.54 0.06458333333333334 0.27666666666666667
